f 91.93364165581353 159.79632259717343 3.216313670608068 7.93201771608105 0.55928165 0.3798566 0.3134992 0.6729861
e 215.01804068522742 299.280429442892 2.2130047802693635 22.355787407332947 0.5039337 0.70946455 0.7736022 0.22054964
f 205.89246514560105 237.48866249999855 3.047644477811523 0.5177690014778913 0.99398786 0.5571446 0.436279 0.7673195
v 192.7857934337976 277.57570489108645 1.6548756088798438 17.837032418394617 0.041926622 0.99193436 0.66901726 0.88742656
x 200.9019783216962 302.5695493630157 5.6366952570836935 4.01164898038395 0.5088314 0.764755 0.40698397 0.51021373
i 256.7183712135747 190.45408824404586 3.6811718992695 9.399718662114523 0.37552273 0.025093079 0.17425013 0.97839814
h 93.7997574572077 297.52889373041677 2.4885169096801194 19.52337364459672 0.24950105 0.034270108 0.21648675 0.035693467
r 23.13544843409412 228.64291119779253 2.465991433171037 3.7728383080690127 0.81419235 0.41100198 0.15366334 0.5029564
o 22.60042195971433 264.55908288519106 2.3413105198915294 18.264136704524415 0.14530313 0.9316866 0.6480839 0.4584602
i 261.17041237879977 129.00030140394563 1.5332900941891956 5.11853877920761 0.25681466 0.977563 0.7832297 0.49531817
e 104.58663704233656 123.67244821526761 6.035957390639967 2.6340071155102396 0.4158401 0.5285242 0.16567576 0.8703156
l 166.76539698923511 151.91315708373395 6.032468340484165 4.889818003467067 0.8106677 0.10194564 0.022928238 0.98657143
y 190.83387378112502 131.46030915878114 2.8825084924443605 1.861805081401993 0.014116228 0.35817695 0.88209707 0.10044485
i 123.33489575667481 256.26155764076833 2.708762737185106 7.993674095751676 0.8332913 0.803367 0.21864259 0.055165887
a 258.77419855932874 228.20244759565853 3.3067038168443257 7.2027848158528585 0.87183803 0.6427555 0.119671285 0.93527305
p 145.45837926420643 100.62061323512106 4.88793458746725 5.555196006319665 0.79911846 0.815737 0.029658496 0.9702073
r 120.7012234792504 87.21222709577958 5.362104761320691 1.1620296449799588 0.6188874 0.6878947 0.76859474 0.16288173
h 63.80682108623551 264.88758052608574 4.3945156855704335 0.38891357546883276 0.38657498 0.7662764 0.954805 0.49702847
s 6.304741388664644 263.1549953498244 0.18936317865660954 4.414247748884545 0.88439757 0.94579333 0.110747814 0.47241652
e 70.93836749978307 48.70391946919293 0.7449100700326237 7.228886739271681 0.42211843 0.59978044 0.23765486 0.68573743
o 11.762741528058166 71.87335537696762 4.692126763989709 19.80141874229403 0.6286239 0.3861459 0.55155236 0.97018075
l 180.74980118790327 24.158733552056738 2.6968951374477808 12.522394300714035 0.30208284 0.43732357 0.14939117 0.5112265
v 23.29928531451948 30.779853698162995 5.01206472531097 23.16739575614181 0.91753095 0.38236678 0.6398988 0.96490884
r 68.50504164013839 123.9637308496052 0.1495744225965513 9.844463137331172 0.07164174 0.2701456 0.54676586 0.7651831
w 143.43938203469003 211.29047661219633 4.2940513296431675 0.441372889063707 0.6894623 0.85013884 0.034452736 0.06779766
i 188.33230104811747 77.30782459753014 2.659285880217316 7.943630064290974 0.02862227 0.27558118 0.3942836 0.78978676
t 95.09085125655162 306.7677071661633 5.775377653323777 5.091579690382442 0.033122122 0.12424952 0.0021538734 0.40731835
t 236.0395585178273 198.89271812741515 0.767743119153076 19.05907115651236 0.6374365 0.29285836 0.5504101 0.20895576
r 32.388237481512455 65.32867634936488 3.4202148582561662 22.444203260139453 0.23810989 0.03005004 0.41057265 0.052174985
j 43.018689426197426 305.6650484221235 4.85413740191619 12.234720940568721 0.9021297 0.86695474 0.08237547 0.906196

