u 202.5039832645141 0.0 8.60414261624955 21.528761231125287 0.0 0.0 0.0 1.0
s 0.0 62.673136873054176 1.050278016494922 12.4335913630829 0.7254597 0.086284935 0.0 0.94771516
g 97.26912360148827 256.0 5.277510820649235 13.607765443956747 0.14551678 0.028805152 0.13540635 0.9603877
r 239.06571196688947 48.70554819601834 -4.693111459994986 20.9704550285968 0.48071173 0.9938626 0.15412965 0.41867706
i 237.82669253452485 47.32123176554151 9.728405077678307 20.96000841022453 0.8599671 0.0 0.0 0.75095844
e 214.01189764882736 147.27266008086693 9.223128806986834 7.516032237236788 0.0 0.048708975 0.0 0.5812533
v 8.688817053982405 20.319563884924747 -9.822298476305694 12.531076864141792 0.3287948 1.0 0.96440995 0.6391405
j 0.0 201.19330621707525 10.980779451291662 23.415622519827053 0.0 0.0 0.08715829 0.6859509
r 138.70095262151494 215.63891995679865 -13.122599619806472 12.692648783114972 0.95499265 0.2320481 0.25892314 0.5280874
c 44.378465524986396 226.36228395158878 5.525496756679107 12.159204178271038 0.96741104 0.6113064 0.2381424 0.17587832
f 27.56017625396234 187.8385910387504 6.286448228695967 11.975938431914004 0.0 0.021510944 0.0 0.4605609
c 0.0 48.39894814695785 2.919218598350151 7.356150429175446 0.80834806 0.916023 0.6517881 0.9205053
z 111.61210180421801 42.685789031318166 -6.247193866563768 9.122252310224994 0.012853801 0.7205491 0.30297726 0.23946336
k 138.18578945041014 231.6142358102984 -2.95697571691662 6.89878269561706 0.58346343 0.5188261 0.36856714 0.4418681
w 70.80703344325228 123.60711932909737 -10.865059898480698 15.32904663397742 0.0 0.0 0.0 0.90891016
n 218.64744750072043 192.69940516329075 6.336093686975685 9.698253238504176 0.25397155 0.28545636 0.38479403 0.7092594
y 178.22279745450749 83.1477369201958 4.922272565545267 4.851889192078672 0.0 0.0 0.0 0.91306186
o 244.82773436904762 94.31608553703799 9.886917097234965 14.472595747689216 0.4160274 0.0 0.014657065 0.52850413
l 17.075245359663434 211.33640678400712 6.167092470818751 8.20902538579318 0.0 0.0 0.0 1.0
c 0.0 50.86749891540103 7.300870728454431 10.484135300917876 0.0 0.0 0.003336519 0.54535055
p 56.41405407829697 195.16597494432185 8.581870558146159 5.47484076877293 0.8973712 0.7876276 0.9307815 0.30469456
b 187.1817416324438 119.54547442580403 -6.737074884755362 5.251713020404479 0.060087398 0.0 0.0 0.6009487
w 157.033599306616 199.4620105354204 15.103635250955607 3.0187344569356003 0.0 0.0 0.0 1.0
q 188.62234229779733 147.92596727306608 4.020928932327376 7.9001100464137455 0.8989363 0.0 0.08716947 0.50693727
l 82.4755491722721 86.63300743797868 12.121826409254053 22.8623722378493 0.20541397 0.62363243 0.6954107 0.12269387
t 241.28775251426413 218.28451970316144 -9.594654717839548 19.66734005436071 0.6085197 0.7097899 0.70822704 0.9013686
d 121.5787295034857 241.96833913827686 -10.216257691967359 1.8977221728232347 0.14212781 0.4371926 0.39615402 0.97404826
b 153.36747661098053 90.38385408535905 5.685175588488475 5.52260813720709 0.13626269 0.0 0.011048794 0.4399157
j 256.0 212.86491713398277 9.4569512907854 8.317702325048883 1.0 1.0 1.0 0.9247494
m 232.74160996398416 161.31562769476574 -13.815986142416454 -1.4066285810461843 0.20568904 0.40330526 0.23414418 0.81063056

