q 291.15488866870766 89.6715411659359 2.541688938810412 24.20830169846457 0.33455405 0.45089474 0.024673909 0.6506665
m 87.37586654136231 272.0526907158814 -1.4324338615621575 11.451278076245591 0.24172387 0.32581848 0.4137638 0.8327199
k 0.0 14.888830023387072 8.605111412151919 5.30334078139672 0.3943605 0.46369776 0.4661688 0.8689889
m 182.27309545445974 460.6285753092925 12.275409360026398 15.102708855263824 0.18161106 0.14189368 0.10795522 0.959777
q 140.42015066899762 304.6085154010659 2.226760915156505 9.387195680582387 0.4945931 0.71809316 0.16247723 0.78819704
x 549.6907469196913 203.68623581459082 -5.6353207857341445 18.428163876515104 0.084106445 0.1715123 0.0 0.61794066
m 730.0 555.156204148735 4.727630511843769 4.375848557589847 0.21668771 0.38592866 0.18679318 0.794346
m 400.48896906760024 516.2401773396399 4.693200530119579 16.530419052338118 0.20133278 0.16526237 0.1775823 0.83599985
g 691.5933651444451 0.0 2.9334213034175964 21.471014335182765 0.5092151 0.47931692 0.43107256 0.9277854
e 192.11229300467744 141.89157133657204 3.4124666606363045 14.19983301829932 0.16347101 0.1550676 0.235553 0.67415583
o 602.5525729719918 606.8076875694992 5.689584889777585 20.78905045808224 0.3765625 0.5085752 0.13760087 0.7649877
g 678.3242368563642 259.3584016096798 4.338096572504735 22.660992793088933 0.4912733 0.46897498 0.40662643 0.8466569
d 141.1233406787037 42.835418455520426 -2.2779202204167337 3.573308577921588 0.23157382 0.5285126 0.7705823 0.6760479
p 178.98718258519466 4.20544616652073 -4.589922655402359 11.42151569217646 0.50366867 0.66097164 0.54682994 0.68675864
a 130.5516612125764 221.64983092380015 14.215559015401688 7.838098629772697 0.3569719 0.42753926 0.29648206 0.7540523
u 728.9157188255336 59.15052212897717 -20.17317642448201 5.960149253447149 0.18039495 0.38900146 0.16252238 0.78442013
b 170.51447979833642 107.76090032329694 -21.05364513953264 3.0546135669492815 0.018048078 0.1935705 0.17128906 1.0
m 722.5197096807501 75.92071637982917 9.437915437643513 15.332756719746058 0.46198735 0.4980305 0.4047821 1.0
g 297.35334453611836 294.21762332885646 1.4280688518492393 21.09445164724701 0.22322956 0.3224644 0.0 0.64383185
f 450.54044669144423 0.0 -5.009517046462182 3.517674821905714 0.77271926 0.8024745 0.97500956 0.9114617
b 312.7888674155469 346.2401573163198 1.1111808612401188 24.350160212463692 0.4185733 0.56846976 0.30432278 0.92855525
g 164.73302713843407 574.7189549422574 4.648247861792683 10.841399414096518 0.529192 0.5270895 0.290111 0.9937067
u 549.4571069802096 167.98257638103854 5.9330710756894245 9.066250450936959 0.067607 0.22783574 0.25258157 0.5747986
p 190.104937702364 452.1609450314245 0.7048647378504316 16.727273817532865 0.5000049 0.5720867 0.29359213 0.92837083
g 87.90276036943862 31.392413645805846 -4.681642836296351 15.515599020158628 0.3021832 0.42164192 0.35454306 0.85759735
t 665.6539633466716 326.8828770721834 -2.5177937606880434 17.173959195027354 0.1024591 0.11085686 0.118759125 0.82293296
b 58.73140501689306 391.8061886432363 1.9373737302868332 16.388488956170804 0.51641965 0.5951208 0.31324652 1.0
d 607.0012451171699 176.3047925191538 -1.4861177719528706 7.684735472892055 0.27844012 0.35595772 0.2963248 0.8607366
g 507.77189697849417 553.494122936355 5.602676686362832 20.322995688458057 0.47489378 0.6454294 0.35141298 0.88041925
q 470.37062923809617 688.5980852330387 4.815806596129049 19.6201290265514 0.5272615 0.6082486 0.32734475 0.897208
d 450.4995468791444 202.39626126739427 -3.4782551234423185 10.983461302503809 0.0 0.0 0.0 0.67439246
s 180.83436503264016 422.32941482697765 3.972107261956403 23.385965491002366 0.5353174 0.6684494 0.32734364 1.0
u 328.7860325485565 0.0 2.5611717219604824 22.413713247067573 0.15767094 0.21348551 0.13971302 0.7574302
q 220.81352016865338 591.9058304570343 11.126107980785743 11.037647826007387 0.49989828 0.65699637 0.32484367 0.7243211
v 40.59476947354247 444.271703554317 2.1504592191952985 11.53322220960933 0.4731203 0.5687187 0.22438893 0.9160861
g 34.57430941889183 174.93968095614719 5.507673825823849 7.544809924612401 0.4000629 0.45458576 0.3736188 0.94598293
n 423.2415408986633 382.599870995656 11.49522699589455 17.173103598901676 0.15974611 0.13174868 0.081905514 0.90670955
p 724.5276654305163 339.50750437062095 9.842640726800866 18.79168388274228 0.67665684 0.7666751 0.32899234 0.37800708
k 391.08923638922533 0.0 3.8347625198447584 24.793198316235973 0.37918308 0.40778658 0.43965372 0.7467457
w 395.97082893025106 441.08251902664665 4.716708637239838 2.514124084467247 0.0 0.053202942 0.07310586 0.8205781
j 437.94471582667643 403.32491641283855 6.140083191723937 5.090115529731079 0.15258086 0.15972495 0.105223745 0.9955604
b 348.55191969954626 395.9258809761677 -7.065979408979308 12.288754103371955 0.09836039 0.13618341 0.12998757 0.5289097
q 715.4617396054673 221.34626446102834 -3.406228048237438 12.71029966135477 0.5956441 0.68535376 0.36903396 0.48482606
u 629.296874790885 190.32539615610938 -0.7419513873452179 9.041640654373804 0.22102171 0.3039518 0.30761918 0.9228095
k 730.0 566.6484174500647 -7.740905858552038 8.490142132810824 0.40423748 0.4771336 0.20549116 0.68810487
s 573.5777149024558 0.0 7.941697963287016 15.00130539352409 0.24469379 0.34704265 0.33302727 0.87001264
u 372.5859945018601 347.2771460658682 9.684309656794929 10.467797534323585 0.0 0.0057475865 0.05118461 0.5821909
d 146.3366170946245 235.4391360443808 8.874162525910217 15.715646729371583 0.57949626 0.6785281 0.3119814 1.0
d 594.7362388299882 0.0 1.1736736387092015 9.924749751441277 0.30983594 0.35584375 0.31730542 0.69043815
d 419.2839235957937 120.33525357136148 1.473967233244148 10.597442983163843 0.21357197 0.2492449 0.3524473 0.5341718
w 90.09618843186485 234.91421552732896 -6.30947160227929 2.7872207856989704 0.19910172 0.1422973 0.22895807 0.5193734
m 363.53069626204854 101.64047360830176 8.759995556003094 4.414317462971718 0.74865556 0.597332 0.39912006 0.5640812
q 314.7721949938274 88.27526351754409 -12.113453875002161 18.62806069824185 0.23267284 0.35959575 0.26579335 0.6382787
g 294.6636505202199 15.285502648260916 1.9517250323046405 9.007736284497852 0.45847002 0.5316906 0.4096276 0.7262113
m 692.9773613471029 348.16428653746556 2.6464250393552207 14.034228129680256 0.47294638 0.58064604 0.21800676 0.6282841
p 139.26815274951076 529.9775428665168 -2.217018776345811 6.640077555368871 0.46891102 0.53749454 0.23543471 0.6343664
g 8.684972891227858 200.74724827137572 20.11045362705903 6.1408049881406015 0.26070923 0.26927298 0.29551992 0.90322053
f 288.937363306972 503.1293468858305 -13.005961094049537 8.59393883314507 0.53077745 0.72028184 0.38497266 0.5322465
g 730.0 57.72631010654172 10.377863050749935 5.543969958627282 0.39563748 0.42895254 0.388581 0.69613826
w 310.63313470962487 322.74822887669035 -0.7103733704832493 22.77652056602817 0.33996013 0.424643 0.41243264 0.66886437

