x 83.86504080948268 93.0007748134582 0.11811211242049284 7.54274296773048 0.059407532 0.3577097 0.2785486 0.45131207
t 254.54105447245834 180.0076401514935 3.3808904216072038 9.089114224792334 0.4289288 0.051945567 0.29662365 0.728346
z 101.79471653421861 26.741945606551756 1.4036438296213227 5.359605567651276 0.15659577 0.31119895 0.082594395 0.46667814
b 127.02047485113724 104.8073817322215 5.697584323391853 4.383735214206295 0.11832762 0.44274187 0.707941 0.78255945
v 39.56221690319756 19.44962635481119 4.180844173938908 5.29075467535157 0.3505839 0.94718045 0.9456646 0.66021395
j 157.08586419471706 209.52536923020193 0.4166200786631559 5.171171653015017 0.47182268 0.35997355 0.7633833 0.032904148
z 252.156833083822 240.11921970510164 4.357343184817367 2.3231148620449416 0.12073761 0.06009078 0.03007871 0.08161169
q 12.213901523230946 152.45049648797848 2.965580305189306 4.182681131641366 0.7066258 0.7279246 0.23171496 0.5649836
z 218.5680262669625 222.2004607431333 0.5596096616242597 9.068258730779434 0.88733834 0.56037927 0.8733294 0.50089806
v 61.74787562503938 239.94909601712243 3.580036220685858 4.6634162657462275 0.08912748 0.27580124 0.29447365 0.8287982
y 6.358518660705746 242.55403074094608 0.2865310661442815 0.3249958298964928 0.24021381 0.15813571 0.87804425 0.9237405
i 126.44866834763666 218.49166349133333 1.1429885679285245 6.250714312264715 0.5124187 0.26484752 0.27255595 0.5067833
g 113.83490518727376 237.0504657759851 1.0647649268583592 7.190514526366767 0.79997694 0.6255285 0.9932101 0.72878325
p 242.34369711454704 28.657748278404114 5.124874207485581 9.11070368190094 0.109456 0.3949284 0.42870027 0.36731905
m 221.99021918356894 128.9032297883138 3.4977275601949978 7.668667606464886 0.48683858 0.85118735 0.5153844 0.8747113
x 194.92761468440494 77.6770656320847 5.891648912281839 6.081339622406112 0.28853232 0.5361888 0.3523543 0.59348077
o 21.36758107059783 182.25460307278115 0.39053764571057953 1.4236397860355987 0.7908062 0.10202676 0.8911815 0.23927289
e 26.16990719817336 192.43728146294586 4.413289081131286 4.953024324140892 0.21994632 0.16799843 0.04566163 0.7038745
w 183.58543487182 23.954763832508654 2.372685967416777 6.766362581074592 0.61965656 0.61672467 0.81974065 0.9211892
g 199.9706121304852 57.702146924263886 5.423502417406926 0.054018140787828184 0.41441923 0.24666911 0.56275207 0.6697718
o 116.10713669360905 138.40247356863873 2.4822109783235833 6.667845639124832 0.17853254 0.9111851 0.065852046 0.43871242
k 100.28457154884124 207.95224142309414 2.3467714241425077 2.7056291488400683 0.16091448 0.14300042 0.42517298 0.2055338
s 235.76240781279034 4.453970461522866 2.179739837970422 5.1433989415320545 0.5788803 0.45195347 0.76997936 0.42920196
i 168.54713231312851 41.92382420654452 5.717406075325314 7.928001499523503 0.35641462 0.6000697 0.08088201 0.36225593
u 188.55187819901363 17.668674149100436 5.920688728432537 2.1148561372785446 0.7160628 0.84700555 0.17408544 0.35050732
c 123.88356462498128 245.07124820468252 0.7134437995202034 5.715308789370997 0.82546103 0.7104096 0.41508514 0.8912252
u 107.75266722132012 114.69485765867513 5.814035252537322 5.279158966274906 0.44051713 0.25052243 0.5952898 0.5424992
b 172.13310911458305 151.24530135358864 0.40126034970647584 2.3988552506599605 0.29138786 0.31629092 0.30827928 0.24999887
v 152.6269019063481 147.16536907162413 1.6791314527340553 5.033359078307877 0.54383355 0.68305534 0.3947025 0.120538354
u 236.45285861486727 102.06749248054875 2.203000253475908 4.756000104274287 0.9079947 0.8666802 0.33967578 0.6447795
