r 268.4629700028652 47.329207374693624 -0.07897399787032655 22.04657738660742 0.0 0.24583575 0.316698 0.46658722
a 288.2292071221066 500.0 -13.02222229970666 21.758671863062737 0.07142629 0.10671565 0.2738258 0.89756656
j 115.63607273767977 113.83785916765311 7.471189091440527 9.733256265461646 0.136206 0.11380905 0.32839796 0.4097936
s 267.32231818158095 4.419537637522254 -4.648204814727638 3.6460967933852215 0.17785767 0.22448272 0.17621341 1.0
v 90.26067511713467 500.0 -13.609512650075805 4.437136323372076 0.2830418 0.31598392 0.115929216 0.57258475
g 137.2481589216762 241.76526836820813 -2.104875490357755 22.482610521927622 0.72400653 0.36144522 0.016314387 0.26983127
f 206.00319502513554 322.9500485579856 6.477311196082036 16.548073722297673 0.2115418 0.4576275 0.8108206 0.28168496
a 170.69080297083508 500.0 4.216551678937913 24.030808567564062 0.17951906 0.18567109 0.33828887 0.43713114
m 6.034957007042934 500.0 5.88479613976382 17.51586448695104 0.19919127 0.23578551 0.19752899 0.48320332
y 142.07142906965487 500.0 -14.791157490114218 1.6576060676621849 0.48750803 0.38917378 0.4456717 0.55142057
g 334.52868835316997 372.92048002002514 10.384499124247672 16.357480878193176 0.10827568 0.22614601 0.050730318 0.82296085
j 246.53711080667267 86.78372140721041 14.16330404560306 9.49122529602824 0.087328404 0.0075055063 0.21430379 0.9490664
o 73.31049463277216 216.47961139996488 1.4712436864300051 14.387069798233252 0.7483665 0.66109455 0.80950177 0.6644038
u 122.88418846865261 500.0 7.196103141503215 3.0767833363773214 0.14798778 0.23421809 0.2987642 0.34417292
x 135.95087782685886 500.0 0.485299022189595 8.77323532328013 0.75286543 0.74052536 0.67408764 0.9278344
r 262.85647242115783 500.0 4.893274141326254 17.16495759391999 0.26539052 0.23990455 0.22479817 0.9804368
h 319.246000891424 500.0 5.328983466511584 11.567258488063475 0.0 0.0 0.023150742 0.902648
m 224.48973988021243 314.5814637263769 -7.673264871876693 10.7311406983012 0.0 0.20867977 0.2878248 0.37729016
g 238.84915452894074 137.058457929969 -8.28049527562353 5.388712150942892 0.27936822 0.36150447 0.39512178 0.92537713
m 82.72337132242527 500.0 -7.3545619814201455 21.849404239173868 0.1223838 0.22743836 0.3172164 0.43511942
a 282.0104247440545 172.82374168937258 -4.381795262318379 21.79008377426674 0.14893755 0.11903456 0.03770873 0.8775985
c 41.059356803830696 500.0 5.161835938849821 15.77891834563858 0.10491252 0.078970075 0.044665217 1.0
g 190.65820782452684 500.0 0.9110417941880029 15.995303884325068 0.60796106 0.65689766 0.6525569 0.73914206
h 356.8775597497249 349.22098868540826 -1.5257735170306368 8.00213125599364 0.7447821 0.76080656 1.0 0.7424629
t 0.0 334.76830096031966 8.124269341416325 11.629122315347116 0.0 0.0 0.0 0.84346676
i 203.4281261375129 98.77458103385146 -11.108894486331462 9.557119489896055 0.07377848 0.21008217 0.10875413 0.9629967
g 38.695241857011254 104.6982027404537 2.2548619879886522 17.872611272436572 0.25303826 0.2297039 0.2069175 0.8921311
y 56.92210440834572 160.58921703564658 8.794539945989664 23.361485418449913 0.26853862 0.24235135 0.26059648 0.56309545
j 373.04959086317166 335.75341556490554 -1.7158756451798924 14.549968290406657 0.6609298 0.77425456 0.8667667 0.8166822
i 76.00202629129404 196.32162222633565 -7.121901291734449 10.157669981737929 1.0 1.0 1.0 0.9917289
c 88.78520320310835 104.94151648753024 5.103413498206846 10.925419307260944 0.511271 0.670866 0.732962 0.6736314
l 106.49381513836875 134.50591035728706 5.5873746746842325 10.708162530673144 0.008230463 0.06066954 0.07121584 0.9064789
b 168.75490610788398 0.0 16.02321119475097 6.731584007892054 0.55807483 0.6636274 0.74719775 0.4642385
d 0.0 500.0 5.53022173187666 20.527880409560506 0.20715266 0.2462847 0.2891586 0.59228337
v 0.0 500.0 -0.08461843737990682 25.052330221622963 0.039274767 0.12848541 0.09605768 0.40590146
b 375.0 500.0 -1.8449615283488938 3.658271031678201 0.61993384 0.60632765 0.6389799 0.777051
o 80.25217146269662 500.0 1.0350263424739947 22.360566925198018 0.64905393 0.676497 0.74100196 0.59748185
i 0.0 45.25301475180538 2.3029039094444577 16.226855815985846 0.101242036 0.120045185 0.06954363 0.79863584
b 0.0 500.0 -6.174595577636641 23.931139905576728 0.5119219 0.32611492 0.28744254 0.1321209
z 34.00000555005818 500.0 -6.498978189946259 14.671644397440197 0.006545529 0.027520627 0.044646353 0.20227188

