l 120.21894452104834 148.61955684637226 -2.7312695135503033 9.674957732812613 0.047237277 0.0 0.0 1.0
z 16.394535235445545 255.9806696137748 7.495454605086877 18.812950759979447 0.7617514 0.78227127 0.15433758 1.0
j 101.74889444220628 68.82087385570037 6.315197891934774 12.78623247572462 0.48573872 0.49943027 0.51298904 0.5273006
l 179.18843163472638 203.83554367554967 -0.38260882321322764 11.070936912087591 0.0 0.0 0.0 0.96772027
m 233.0450436906762 314.0 9.937660827878993 16.87787274477916 0.0 0.0 0.0 0.9749459
g 158.97958840049944 48.28644201906809 21.953858651669826 5.4559257235277006 0.65864205 0.49180713 0.15435448 1.0
l 195.36053488268735 3.1370092878046307 -9.001273721427475 8.824491824778764 0.922145 0.76083493 0.056305066 1.0
r 62.298924693436334 37.24034241189031 12.904533848532056 17.2762215089512 0.0 0.07793395 0.0 1.0
k 74.66919936765731 192.99810055033677 8.792956693089124 15.626314493507348 1.0 0.6857984 0.10350841 1.0
l 166.2825109817821 171.3778503975038 5.697094589409259 16.03935556311677 0.0 0.0 0.008164495 0.9239019
p 155.6316905408397 9.304974516263734 -8.195455711156333 6.452347882593901 1.0 1.0 1.0 1.0
z 175.1340901704452 262.51905018176234 2.82397472650139 13.986728968050755 0.0 0.0 0.0 0.53701484
v 171.16687278099195 314.0 4.305305099604542 4.974192505026292 0.0 0.0 0.0 1.0
w 0.0 314.0 1.1444999535092228 17.72955323000052 0.0 0.020485058 0.009510711 1.0
g 215.1114455384149 0.0 1.2252339624807416 13.926324731702339 1.0 1.0 1.0 1.0
l 265.0 221.9403566207124 -3.180879541196999 18.208760481945585 1.0 0.6852491 0.0 0.71482563
e 81.66206425778319 38.249557813036844 13.656500813680552 4.072789104653798 0.0 0.0 0.0 1.0
x 85.59154777953012 201.4937482374877 2.647129274724612 20.97604921470704 0.95915234 0.7667849 0.032891586 0.7778126
v 175.92730989212006 230.07763869744872 6.625679336283726 3.528554100083812 0.16884726 0.0 0.0 0.97192216
i 194.46714260093506 239.34100452313913 12.557147137204044 5.308505515029593 0.0 0.0 0.0 0.9104959
d 234.03683700843453 173.01848095139596 9.369302521263666 3.4732952627342364 0.029349059 0.0 0.010686725 0.93167365
z 152.77034365865663 255.87867542976494 -1.2425810278343856 9.054600653258182 1.0 1.0 1.0 1.0
n 3.933711762770109 243.48683926600944 -10.708264274045806 22.713949524967106 1.0 1.0 1.0 1.0
d 209.40668981093668 250.74791334726132 2.6865205228789097 22.421800464592884 1.0 1.0 1.0 1.0
i 156.99911341873093 314.0 7.256789608603739 8.59398099248977 1.0 1.0 1.0 1.0
j 70.43271408862583 237.318254420073 6.364867788128338 14.948256781193804 0.59039485 0.6917733 0.13499328 0.0116343945
a 233.65727544372282 224.94468208761612 -1.8790604043789672 3.3398184783884806 0.0 0.0 0.0 0.9267645
u 234.31178048889814 219.15247413769544 -3.8202084427062943 6.297927712213518 0.96132505 0.72323585 0.0647303 1.0
p 230.88901297337037 258.13539745982575 13.526736207320083 12.488220533668807 1.0 1.0 1.0 1.0
i 220.82952820886965 68.82404940129867 5.129650150609228 12.725775517298507 1.0 1.0 1.0 1.0

