d 89.30058154342794 910.0 6.257116666160382 5.832587720183032 0.18505359 0.5498967 1.0 0.41893896
n 616.8429565741749 67.94974518030355 12.438287497956198 6.3141790109845815 0.41586623 0.406893 0.48759952 0.70649326
d 446.32119359536944 531.507117645772 -6.397645278424783 21.52420971266687 0.87294304 0.26615623 0.029408187 0.36680374
w 539.9871747759641 0.0 -9.414491641879698 24.873287158749356 0.37937006 0.35616782 0.52933824 0.40099725
g 319.73740919994907 350.44749817355773 15.19605333442164 20.299874319967095 0.63569677 0.0 0.1150451 0.40878937
m 210.40155380102686 910.0 -6.651425363919795 24.450972026148566 0.59197223 0.26901606 0.35410765 0.5868747
a 123.87338259011278 133.24154106854246 7.286972900872053 22.230658729236985 0.2963509 0.18233609 0.228133 0.57553744
w 333.89104150800483 910.0 6.3392513999511255 7.850306830353762 0.8039936 0.46121034 0.57170343 0.86561227
g 357.18389763633854 649.2588183974508 6.183455690184431 23.505647330222143 0.79952383 0.56464016 0.6060966 1.0
a 440.1301221620031 910.0 12.481872971317438 21.768535954673833 0.46347037 0.6250888 0.93540895 0.42576858
m 288.11767834411495 535.789113131829 8.016881270608703 7.043381658965003 0.5525501 0.2769511 0.42703137 0.7846396
b 0.0 910.0 -0.2158862617004349 5.379363223664405 0.0 0.27045205 1.0 0.32939777
u 257.9125358261465 910.0 12.639274545801904 18.923552109380115 0.46280017 0.43009606 0.4853321 0.6762117
g 207.98397069135837 910.0 11.694231564522205 2.948464409694212 0.37602648 0.43493637 0.84648263 0.5430496
b 522.8082769248649 910.0 16.320290550550414 3.511995546962109 0.0 0.16247264 0.5433196 0.46128318
g 352.20454601380493 405.71787540841444 -14.444970292105825 18.748259514707424 0.41046146 0.13410652 0.3677309 0.5488856
j 558.8232270169309 477.95831860911414 -6.268657525405901 25.607135165521914 0.0 0.43814167 0.6827538 0.4280971
h 158.61049209835306 910.0 -6.341422562297119 3.061310972017199 0.3063992 0.5077754 1.0 0.4236395
k 472.63525141646323 639.7144706346926 -5.572958201347156 24.389910453128156 0.5481247 0.5645497 0.6334598 0.918684
d 231.24335820145268 910.0 4.3239395276371635 3.2897228766142 0.71985316 0.79672277 1.0 0.90997636
q 190.7836234765772 323.99680515564376 11.873391834912743 12.207525839109767 0.35873708 0.2887828 0.4304553 0.7278811
b 370.2216153962634 910.0 5.5808635567935365 19.886311795742472 0.69821656 0.52117443 0.5183983 0.9799894
p 128.76538638798093 163.18925000974298 -5.529455870517664 3.402392361054837 0.43102035 0.37321576 0.56197083 1.0
m 310.3306802539997 910.0 10.758180251409758 6.752797637884333 0.4624807 0.4457778 0.42242053 0.735867
p 556.1307583686128 276.4902707634185 4.14510468100679 22.962333147027252 0.6279632 0.4253367 0.41995975 0.68924093
g 323.5550112448549 498.63874060921637 4.786549259214739 15.975794258440512 0.69161534 0.5346234 0.5807606 1.0
b 0.0 442.3310504369691 -10.903284264711829 19.48574307741701 0.2476252 0.28164318 0.5491301 0.31419784
o 169.3690030306937 910.0 16.4773525094046 -2.70703419654626 0.17115423 0.23987108 0.7426075 0.87418914
m 0.0 351.67049644800784 1.545491722659539 23.828456083429664 0.27578405 0.3941972 0.5156481 0.3209637
p 561.3750860719834 406.34048416575286 -15.18166888042507 12.161043082678107 0.17055273 0.23170668 0.1725949 0.36304972
b 0.0 645.0595069357743 1.6490416872037401 14.27592204847674 0.72903955 0.73925436 0.8420043 0.8479376
m 195.9398359188433 395.0580077347331 7.714068572610126 9.31435593097735 0.43979374 0.24244007 0.33719078 0.6414254
t 86.11605139911634 383.78550482823925 6.167977182522682 7.054596703633289 0.44880602 0.457746 0.54766107 0.9946711
w 688.0 57.290567736500606 3.371401864705471 25.46070740867933 0.15226904 0.18875393 0.30435687 0.3671306
g 479.41642930152386 216.05202065821385 -0.502522079239295 17.254480695061122 0.5451199 0.5871701 0.6986121 0.83702683
w 358.65003037739046 686.0803226512143 -1.740676839984876 15.846590638815687 0.6113287 0.44041637 0.5879395 0.7894995
m 48.35300794015524 910.0 -0.23237768701123473 8.453700616001061 0.49728116 0.6548917 1.0 0.6234505
d 292.4072588968667 467.0721382735119 6.557588328129167 17.814409230950414 0.78204536 0.5687351 0.51905227 0.6789504
g 240.7197419853875 910.0 -0.4556968522035556 6.380135947730216 0.6270561 0.49122247 0.5612731 0.7135873
l 688.0 910.0 17.162450862459846 4.42503792517367 0.0 0.30927333 0.73133767 0.25384971
q 344.21317391999463 0.0 7.628173593939424 5.207537456105141 0.7873814 0.8979398 0.94713795 0.45071778
a 531.1331095291138 217.468505735775 -2.0727135524756966 14.301981759184645 0.4026017 0.375717 0.3440074 0.7562901
d 506.3517556823092 160.1812648397306 1.992384507666784 13.012462094176152 0.61237335 0.5515932 0.58779764 0.9232528
q 442.341514020487 207.31956995170168 5.587095629217787 7.517898355031687 0.27008423 0.18394455 0.2580861 0.6257732
p 0.0 910.0 6.27971214149945 8.355663515137575 0.61565554 0.75488186 1.0 1.0
p 681.6868124539982 0.0 2.491944253076601 14.163751532790103 0.55895424 0.5988476 0.6716391 1.0
g 163.19846842325876 294.89031853694803 -1.3498791923135325 7.225968302354581 0.43062583 0.43696365 0.4764041 0.80484474
g 220.38554898728148 910.0 24.695359091224923 11.65993263180687 0.52672637 0.4172131 0.49781045 0.6584364
e 548.9125325062549 328.8624726283642 16.637183319128233 7.328417905288424 0.7945665 0.6222471 0.60448253 0.9223342
b 462.47827372042775 435.91401040428457 4.552071494646693 5.3831960913419215 0.3113909 0.08920178 0.0 0.4230738

